6521
6513
6515
6519
6517
6473
6503
6485
6445
6455
6429
6501
6509
6427
6447
6463
6505
6479
6451
6489
6431
6423
6493
6507
6433
6491
6453
6511
6465
6481
6475
6487
6443
6461
6497
6459
6499
6425
6483
6477
6439
6467
6471
6457
6449
6469
6435
6437
6441
6495
6613
6621
6619
6615
6617
6531
6571
6551
6573
6563
6593
6595
6553
6529
6549
6525
6545
6539
6611
6533
6589
6583
6585
6601
6559
6535
6541
6527
6557
6567
6523
6597
6591
6579
6547
6561
6581
6587
6603
6555
6565
6605
6569
6537
6607
6575
6599
6609
6577
6543
7517
7515
7453
7429
7479
7521
7513
7519
7423
7511
7457
7445
7455
7465
7431
7437
7427
7449
7461
7489
7425
7463
7497
7451
7473
7507
7509
7435
7475
7459
7441
7439
7503
7443
7467
7495
7477
7499
7433
7471
7483
7447
7505
7469
7487
7485
7493
7481
7491
7501
7615
7617
7619
7621
7613
7533
7587
7573
7581
7543
7597
7579
7601
7537
7577
7591
7527
7551
7599
7593
7589
7535
7583
7609
7529
7575
7539
7541
7607
7603
7555
7559
7605
7531
7561
7611
7525
7557
7523
7563
7569
7567
7549
7571
7565
7553
7547
7545
7585
7595
7685
7683
7627
7629
7701
7649
7625
7663
7705
7689
7679
7647
7645
7665
7707
7667
7661
7703
7669
7643
7681
7709
7639
7695
7655
7691
7711
7635
7697
7671
7677
7631
7637
7687
7633
7675
7699
7651
7673
7623
7641
7659
7693
7653
7657
7721
7719
7717
7715
7713
7817
7813
7815
7819
7821
7725
7797
7805
7807
7785
7795
7733
7741
7751
7749
7743
7745
7737
7809
7803
7767
7789
7723
7761
7777
7769
7763
7731
7799
7771
7793
7747
7729
7783
7781
7765
7775
7791
7801
7757
7779
7811
7787
7727
7753
7755
7773
7759
7735
7739
7915
7841
7913
7873
7871
7895
7917
7921
7861
7847
7891
7845
7877
7833
7837
7879
7901
7839
7909
7867
7893
7919
7853
7911
7825
7865
7827
7857
7907
7859
7855
7831
7849
7829
7885
7875
7889
7851
7843
7883
7903
7863
7887
7869
7899
7881
7823
7905
7835
7897
7955
7981
7935
7995
7993
7985
7943
7951
7949
7945
8011
7927
7925
7957
7983
8001
7991
7967
7941
7969
7923
7963
7933
7999
7975
8007
7973
7965
7989
8005
7939
7947
7931
8009
7961
7987
7937
8003
7959
7997
7929
7971
7979
7977
8013
7953
8019
8021
8015
8017
8113
8115
8121
8117
8119
8057
8059
8067
8063
8077
8043
8103
8025
8069
8099
8089
8037
8111
8071
8109
8095
8049
8027
8105
8029
8035
8107
8075
8039
8087
8033
8073
8079
8045
8061
8031
8083
8041
8023
8065
8101
8097
8091
8055
8047
8053
8051
8081
8093
8085
8217
8221
8215
8197
8195
8219
8213
8131
8133
8167
8187
8175
8171
8181
8183
8199
8191
8161
8159
8177
8189
8169
8173
8163
8185
8127
8209
8201
8147
8193
8179
8139
8123
8129
8203
8211
8153
8151
8125
8155
8165
8207
8145
8157
8135
8141
8137
8149
8143
8205
